cnn_base:
pd: 0.7514583333333333,0.8907638888888889,0.9652083333333333,0.9896875,0.9968055555555555,0.9988541666666667,0.9994444444444445,0.9996527777777777,0.9998263888888889,0.9999305555555555,1.0,1.0,1.0,1.0,1.0,1.0,1.0,1.0,1.0,1.0,1.0,1.0,1.0,1.0,1.0,1.0,1.0,1.0,1.0,1.0,1.0
pfa: 0.000445

cnn_base_se:
pd: 0.6889236111111111,0.8406944444444444,0.9392708333333334,0.9826388888888888,0.9962152777777777,0.9993055555555556,0.9998263888888889,1.0,1.0,1.0,1.0,1.0,1.0,1.0,1.0,1.0,1.0,1.0,1.0,1.0,1.0,1.0,1.0,1.0,1.0,1.0,1.0,1.0,1.0,1.0,1.0
pfa: 0.002425

cnn_base_dualse:
pd: 0.44131944444444443,0.6660069444444444,0.8539236111111111,0.9563888888888888,0.9918055555555556,0.9990972222222222,0.9999652777777778,1.0,1.0,1.0,1.0,1.0,1.0,1.0,1.0,1.0,1.0,1.0,1.0,1.0,1.0,1.0,1.0,1.0,1.0,1.0,1.0,1.0,1.0,1.0,1.0
pfa: 0.0

cnn_course:
pd: 0.7940972222222222,0.9262152777777778,0.9813194444444444,0.9973611111111111,0.9996527777777777,0.9999305555555555,0.9999652777777778,1.0,1.0,1.0,1.0,1.0,1.0,1.0,1.0,1.0,1.0,1.0,1.0,1.0,1.0,1.0,1.0,1.0,1.0,1.0,1.0,1.0,1.0,1.0,1.0
pfa: 0.00023

cnn_course_se:
pd: 0.42347222222222225,0.7089236111111111,0.9011111111111111,0.9777083333333333,0.9975347222222222,0.9996527777777777,0.9999652777777778,1.0,1.0,1.0,1.0,1.0,1.0,1.0,1.0,1.0,1.0,1.0,1.0,1.0,1.0,1.0,1.0,1.0,1.0,1.0,1.0,1.0,1.0,1.0,1.0
pfa: 0.0

cnn_course_dualse:
pd: 0.8557986111111111,0.9503472222222222,0.9886805555555556,0.9985416666666667,0.9997222222222222,0.9999305555555555,1.0,1.0,1.0,1.0,1.0,1.0,1.0,1.0,1.0,1.0,1.0,1.0,1.0,1.0,1.0,1.0,1.0,1.0,1.0,1.0,1.0,1.0,1.0,1.0,1.0
pfa: 1.5e-05
