Resnet18_base:
pd: 0.7859027777777777,0.9185763888888889,0.9762152777777777,0.9943402777777778,0.9982986111111111,0.9994097222222222,0.9996875,0.9998958333333333,0.9998611111111111,0.9997569444444444,0.9996875,0.9996180555555556,0.9994791666666667,0.9992708333333333,0.9989930555555555,0.9984375,0.9977083333333333,0.9965277777777778,0.9952430555555556,0.9935069444444444,0.9918055555555556,0.990625,0.98875,0.9866666666666667,0.9854166666666667,0.9857986111111111,0.9875347222222223,0.9898611111111111,0.993125,0.9970833333333333,0.9994791666666667
pfa: 5.5e-05

Resnet18_base_se:
pd: 0.6205555555555555,0.8274652777777778,0.9401736111111111,0.9830208333333333,0.9948958333333333,0.9981944444444445,0.9988194444444445,0.9991666666666666,0.9993402777777778,0.999375,0.9991666666666666,0.9989583333333333,0.9986111111111111,0.9981597222222223,0.9976388888888889,0.9968055555555555,0.995625,0.9948958333333333,0.9935069444444444,0.9925694444444444,0.9917361111111112,0.9915972222222222,0.9924305555555556,0.9942708333333333,0.9966319444444445,0.9986805555555556,0.9993402777777778,1.0,1.0,1.0,1.0
pfa: 0.0

Resnet18_base_dualse:
pd: 0.6742013888888889,0.8607291666666667,0.9547222222222222,0.9882638888888889,0.9961805555555555,0.9984027777777778,0.9991666666666666,0.9994791666666667,0.9996527777777777,0.9997222222222222,0.9996875,0.9995833333333334,0.9995833333333334,0.9993055555555556,0.9990277777777777,0.9988888888888889,0.99875,0.9981597222222223,0.998125,0.9975347222222222,0.9964930555555556,0.9959375,0.9951736111111111,0.9949652777777778,0.9943402777777778,0.9946875,0.9961458333333333,0.9986458333333333,0.9997222222222222,1.0,1.0
pfa: 0.0

Resnet18_course:
pd: 0.49930555555555556,0.7011111111111111,0.8607638888888889,0.9463541666666667,0.9813194444444444,0.9951041666666667,0.9990625,0.9998611111111111,1.0,1.0,1.0,1.0,1.0,1.0,1.0,1.0,1.0,1.0,1.0,1.0,1.0,1.0,1.0,1.0,1.0,1.0,1.0,1.0,1.0,1.0,1.0
pfa: 0.000605

Resnet18_course_se:
pd: 0.555,0.7788194444444444,0.9177777777777778,0.9747569444444445,0.9941666666666666,0.9988541666666667,0.9997222222222222,0.9999652777777778,1.0,1.0,1.0,1.0,1.0,1.0,1.0,1.0,1.0,1.0,1.0,1.0,1.0,1.0,1.0,1.0,1.0,1.0,1.0,1.0,1.0,1.0,1.0
pfa: 2.5e-05

Resnet18_course_dualse:
pd: 0.5561805555555556,0.778125,0.9142708333333334,0.9676388888888889,0.9813888888888889,0.9839236111111112,0.9867361111111111,0.9919097222222222,0.9972569444444445,0.9998263888888889,0.9999652777777778,1.0,1.0,1.0,1.0,1.0,1.0,1.0,1.0,1.0,1.0,1.0,1.0,1.0,1.0,1.0,1.0,1.0,1.0,1.0,1.0
pfa: 0.0