cnn_easy:
pd: 0.7514583333333333,0.8907638888888889,0.9652083333333333,0.9896875,0.9968055555555555,0.9988541666666667,0.9994444444444445,0.9996527777777777,0.9998263888888889,0.9999305555555555,1.0,1.0,1.0,1.0,1.0,1.0,1.0,1.0,1.0,1.0,1.0,1.0,1.0,1.0,1.0,1.0,1.0,1.0,1.0,1.0,1.0
pfa: 0.000445

VGG11:
pd: 0.8001041666666666,0.9318402777777778,0.9843402777777778,0.9969097222222222,0.999375,0.9997222222222222,0.9998958333333333,0.9999652777777778,0.9999652777777778,0.9999305555555555,0.9999305555555555,0.9998263888888889,0.9997916666666666,0.9997916666666666,0.9998263888888889,0.9996875,0.9996180555555556,0.999375,0.9993402777777778,0.9993055555555556,0.9991319444444444,0.9991319444444444,0.9989930555555555,0.9991666666666666,0.9995138888888889,0.9995833333333334,0.9997916666666666,0.9999305555555555,1.0,1.0,1.0
pfa: 2e-05

Resnet18:
pd: 0.7860069444444444,0.9185416666666667,0.9762152777777777,0.9943402777777778,0.9982986111111111,0.9994097222222222,0.9996875,0.9998958333333333,0.9998611111111111,0.9997569444444444,0.9996875,0.9996180555555556,0.9994791666666667,0.9992708333333333,0.9989930555555555,0.9984375,0.9977083333333333,0.9965277777777778,0.9952430555555556,0.9935069444444444,0.9918055555555556,0.9906597222222222,0.98875,0.9866666666666667,0.9854166666666667,0.9857986111111111,0.9875347222222223,0.9898611111111111,0.993125,0.9970833333333333,0.9994791666666667
pfa: 5.5e-05

cnn_easy:
pd: 0.45861111111111114,0.7360069444444445,0.9135069444444445,0.9820138888888889,0.9979861111111111,0.9997569444444444,0.9999305555555555,1.0,1.0,1.0,1.0,1.0,1.0,1.0,1.0,1.0,1.0,1.0,1.0,1.0,1.0,1.0,1.0,1.0,1.0,1.0,1.0,1.0,1.0,1.0,1.0
pfa: 0.0

VGG11:
pd: 0.48246527777777776,0.7304861111111111,0.9039236111111111,0.979375,0.9974652777777778,0.9998263888888889,0.9999652777777778,1.0,1.0,1.0,1.0,1.0,1.0,1.0,1.0,1.0,1.0,1.0,1.0,1.0,1.0,1.0,1.0,1.0,1.0,1.0,1.0,1.0,1.0,1.0,1.0
pfa: 5e-06

Resnet18:
pd: 0.44732638888888887,0.7211805555555556,0.9098263888888889,0.9818055555555556,0.9980208333333334,0.9998611111111111,1.0,1.0,1.0,1.0,1.0,1.0,1.0,1.0,1.0,1.0,1.0,1.0,1.0,1.0,1.0,1.0,1.0,1.0,1.0,1.0,1.0,1.0,1.0,1.0,1.0
pfa: 0.0

cnn_easy:
pd: 0.0,0.0,0.0,0.00010416666666666667,0.0004166666666666667,0.0015277777777777779,0.006458333333333333,0.024652777777777777,0.08055555555555556,0.21805555555555556,0.45861111111111114,0.7360069444444445,0.9135069444444445,0.9820138888888889,0.9979861111111111,0.9997569444444444,0.9999305555555555,1.0,1.0,1.0,1.0,1.0,1.0,1.0,1.0,1.0,1.0,1.0,1.0,1.0,1.0,1.0,1.0,1.0,1.0,1.0,1.0,1.0,1.0,1.0,1.0
pfa: 0.0

VGG11:
pd: 0.00010416666666666667,0.00017361111111111112,0.00024305555555555555,0.0005555555555555556,0.0014583333333333334,0.004270833333333333,0.012395833333333333,0.03809027777777778,0.10944444444444444,0.2501041666666667,0.48246527777777776,0.7304861111111111,0.9039236111111111,0.979375,0.9974652777777778,0.9998263888888889,0.9999652777777778,1.0,1.0,1.0,1.0,1.0,1.0,1.0,1.0,1.0,1.0,1.0,1.0,1.0,1.0,1.0,1.0,1.0,1.0,1.0,1.0,1.0,1.0,1.0,1.0
pfa: 0.0

Resnet18:
pd: 0.0,0.0,6.944444444444444e-05,0.00010416666666666667,0.00038194444444444446,0.001736111111111111,0.007291666666666667,0.025138888888888888,0.0771875,0.210625,0.4473611111111111,0.7210763888888889,0.9098263888888889,0.9818055555555556,0.9980208333333334,0.9998611111111111,1.0,1.0,1.0,1.0,1.0,1.0,1.0,1.0,1.0,1.0,1.0,1.0,1.0,1.0,1.0,1.0,1.0,1.0,1.0,1.0,1.0,1.0,1.0,1.0,1.0
pfa: 0.0

cnn_easy:
pd: 0.5110763888888888,0.7721180555555556,0.9273958333333333,0.9873958333333334,0.9988888888888889,0.9998263888888889,0.9999652777777778,1.0,1.0,1.0,1.0,1.0,1.0,1.0,1.0,1.0,1.0,1.0,1.0,1.0,1.0,1.0,1.0,1.0,1.0,1.0,1.0,1.0,1.0,1.0,1.0
pfa: 0.0

VGG11:
pd: 0.6070486111111111,0.8211458333333334,0.9462152777777778,0.9896875,0.9988541666666667,0.9998263888888889,1.0,1.0,1.0,1.0,1.0,1.0,1.0,1.0,1.0,1.0,1.0,1.0,1.0,1.0,1.0,1.0,1.0,1.0,1.0,1.0,1.0,1.0,1.0,1.0,1.0
pfa: 0.000145

Resnet18:
pd: 0.6022222222222222,0.8309027777777778,0.9533680555555556,0.9919791666666666,0.9990625,0.9998958333333333,1.0,1.0,1.0,1.0,1.0,1.0,1.0,1.0,1.0,1.0,1.0,1.0,1.0,1.0,1.0,1.0,1.0,1.0,1.0,1.0,1.0,1.0,1.0,1.0,1.0
pfa: 0.0

