cnn_easy:
pd: 0.7940972222222222,0.9262152777777778,0.9813194444444444,0.9973611111111111,0.9996527777777777,0.9999305555555555,0.9999652777777778,1.0,1.0,1.0,1.0,1.0,1.0,1.0,1.0,1.0,1.0,1.0,1.0,1.0,1.0,1.0,1.0,1.0,1.0,1.0,1.0,1.0,1.0,1.0,1.0
pfa: 0.00023

cnn_easy:
pd: 0.7940972222222222,0.9262152777777778,0.9813194444444444,0.9973611111111111,0.9996527777777777,0.9999305555555555,0.9999652777777778,1.0,1.0,1.0,1.0,1.0,1.0,1.0,1.0,1.0,1.0,1.0,1.0,1.0,1.0,1.0,1.0,1.0,1.0,1.0,1.0,1.0,1.0,1.0,1.0
pfa: 0.00023

VGG11:
pd: 0.5984375,0.8057638888888888,0.9332291666666667,0.9842708333333333,0.9978125,0.9997916666666666,0.9999652777777778,1.0,1.0,1.0,1.0,1.0,1.0,1.0,1.0,1.0,1.0,1.0,1.0,1.0,1.0,1.0,1.0,1.0,1.0,1.0,1.0,1.0,1.0,1.0,1.0
pfa: 3.5e-05

Resnet18:
pd: 0.49930555555555556,0.7011111111111111,0.8607638888888889,0.9463541666666667,0.9813194444444444,0.9951041666666667,0.9990625,0.9998611111111111,1.0,1.0,1.0,1.0,1.0,1.0,1.0,1.0,1.0,1.0,1.0,1.0,1.0,1.0,1.0,1.0,1.0,1.0,1.0,1.0,1.0,1.0,1.0
pfa: 0.000605

cnn_easy:
pd: 0.7940972222222222,0.9262152777777778,0.9813194444444444,0.9973611111111111,0.9996527777777777,0.9999305555555555,0.9999652777777778,1.0,1.0,1.0,1.0,1.0,1.0,1.0,1.0,1.0,1.0,1.0,1.0,1.0,1.0,1.0,1.0,1.0,1.0,1.0,1.0,1.0,1.0,1.0,1.0
pfa: 0.00023

