cnn_easy:
pd: 0.7514583333333333,0.8907638888888889,0.9652083333333333,0.9896875,0.9968055555555555,0.9988541666666667,0.9994444444444445,0.9996527777777777,0.9998263888888889,0.9999305555555555,1.0,1.0,1.0,1.0,1.0,1.0,1.0,1.0,1.0,1.0,1.0,1.0,1.0,1.0,1.0,1.0,1.0,1.0,1.0,1.0,1.0
pfa: 0.000445

VGG11:
pd: 0.8001041666666666,0.9318402777777778,0.9843402777777778,0.9969097222222222,0.999375,0.9997222222222222,0.9998958333333333,0.9999652777777778,0.9999652777777778,0.9999305555555555,0.9999305555555555,0.9998263888888889,0.9997916666666666,0.9997916666666666,0.9998263888888889,0.9996875,0.9996180555555556,0.999375,0.9993402777777778,0.9993055555555556,0.9991319444444444,0.9991319444444444,0.9989930555555555,0.9991666666666666,0.9995138888888889,0.9995833333333334,0.9997916666666666,0.9999305555555555,1.0,1.0,1.0
pfa: 2e-05

Resnet18:
pd: 0.7859027777777777,0.9185763888888889,0.9762152777777777,0.9943402777777778,0.9982986111111111,0.9994097222222222,0.9996875,0.9998958333333333,0.9998611111111111,0.9997569444444444,0.9996875,0.9996180555555556,0.9994791666666667,0.9992708333333333,0.9989930555555555,0.9984375,0.9977083333333333,0.9965277777777778,0.9952430555555556,0.9935069444444444,0.9918055555555556,0.990625,0.98875,0.9866666666666667,0.9854166666666667,0.9857986111111111,0.9875347222222223,0.9898611111111111,0.993125,0.9970833333333333,0.9994791666666667
pfa: 5.5e-05

VGG11:
pd: 0.7310069444444445,0.8988541666666666,0.9713541666666666,0.9937152777777778,0.9982291666666666,0.9989583333333333,0.9992361111111111,0.9992708333333333,0.9992361111111111,0.9992013888888889,0.9991666666666666,0.9990625,0.9990972222222222,0.9990972222222222,0.9989583333333333,0.9988888888888889,0.9988541666666667,0.9987847222222223,0.9985069444444444,0.9981597222222223,0.9980555555555556,0.9979166666666667,0.9978819444444444,0.9981944444444445,0.9985416666666667,0.9990625,0.9995138888888889,0.9998611111111111,0.9999652777777778,1.0,1.0
pfa: 0.0

Resnet18:
pd: 0.7860069444444444,0.9185416666666667,0.9762152777777777,0.9943402777777778,0.9982986111111111,0.9994097222222222,0.9996875,0.9998958333333333,0.9998611111111111,0.9997569444444444,0.9996875,0.9996180555555556,0.9994791666666667,0.9992708333333333,0.9989930555555555,0.9984375,0.9977083333333333,0.9965277777777778,0.9952430555555556,0.9935069444444444,0.9918055555555556,0.9906597222222222,0.98875,0.9866666666666667,0.9854166666666667,0.9857986111111111,0.9875347222222223,0.9898611111111111,0.993125,0.9970833333333333,0.9994791666666667
pfa: 5.5e-05

