cnn_easy:
pd: 0.7940972222222222,0.9262152777777778,0.9813194444444444,0.9973611111111111,0.9996527777777777,0.9999305555555555,0.9999652777777778,1.0,1.0,1.0,1.0,1.0,1.0,1.0,1.0,1.0,1.0,1.0,1.0,1.0,1.0,1.0,1.0,1.0,1.0,1.0,1.0,1.0,1.0,1.0,1.0
pfa: 0.00023

VGG11:
pd: 0.6930555555555555,0.8639583333333334,0.9565972222222222,0.9898611111111111,0.9980555555555556,0.9996875,0.9998958333333333,1.0,1.0,1.0,1.0,1.0,1.0,1.0,1.0,1.0,1.0,1.0,1.0,1.0,1.0,1.0,1.0,1.0,1.0,1.0,1.0,1.0,1.0,1.0,1.0
pfa: 0.00215

Resnet18:
pd: 0.6181944444444445,0.8029513888888888,0.9194097222222222,0.9732638888888889,0.9922916666666667,0.9976388888888889,0.9994791666666667,0.9998263888888889,1.0,1.0,1.0,1.0,1.0,1.0,1.0,1.0,1.0,1.0,1.0,1.0,1.0,1.0,1.0,1.0,1.0,1.0,1.0,1.0,1.0,1.0,1.0
pfa: 0.00072

VGG11:
pd: 0.38645833333333335,0.6417013888888888,0.8470486111111111,0.9552430555555556,0.9896180555555556,0.9983680555555555,0.9996180555555556,0.9999652777777778,1.0,1.0,1.0,1.0,1.0,1.0,1.0,1.0,1.0,1.0,1.0,1.0,1.0,1.0,1.0,1.0,1.0,1.0,1.0,1.0,1.0,1.0,1.0
pfa: 5e-06

Resnet18:
pd: 0.555,0.7788194444444444,0.9177777777777778,0.9747569444444445,0.9941666666666666,0.9988541666666667,0.9997222222222222,0.9999652777777778,1.0,1.0,1.0,1.0,1.0,1.0,1.0,1.0,1.0,1.0,1.0,1.0,1.0,1.0,1.0,1.0,1.0,1.0,1.0,1.0,1.0,1.0,1.0
pfa: 2.5e-05

cnn_easy:
pd: 0.42347222222222225,0.7089236111111111,0.9011111111111111,0.9777083333333333,0.9975347222222222,0.9996527777777777,0.9999652777777778,1.0,1.0,1.0,1.0,1.0,1.0,1.0,1.0,1.0,1.0,1.0,1.0,1.0,1.0,1.0,1.0,1.0,1.0,1.0,1.0,1.0,1.0,1.0,1.0
pfa: 0.0

