VGG11:
pd: 0.4901041666666667,0.7423958333333334,0.9112152777777778,0.9801736111111111,0.9965625,0.999375,0.9997222222222222,0.9999652777777778,1.0,1.0,1.0,1.0,1.0,1.0,1.0,1.0,1.0,1.0,1.0,1.0,1.0,1.0,1.0,1.0,1.0,1.0,1.0,1.0,1.0,1.0,1.0
pfa: 5e-06

Resnet18:
pd: 0.5561805555555556,0.778125,0.9142708333333334,0.9676388888888889,0.9813888888888889,0.9839236111111112,0.9867361111111111,0.9919097222222222,0.9972569444444445,0.9998263888888889,0.9999652777777778,1.0,1.0,1.0,1.0,1.0,1.0,1.0,1.0,1.0,1.0,1.0,1.0,1.0,1.0,1.0,1.0,1.0,1.0,1.0,1.0
pfa: 0.0

cnn_easy:
pd: 0.8557986111111111,0.9503472222222222,0.9886805555555556,0.9985416666666667,0.9997222222222222,0.9999305555555555,1.0,1.0,1.0,1.0,1.0,1.0,1.0,1.0,1.0,1.0,1.0,1.0,1.0,1.0,1.0,1.0,1.0,1.0,1.0,1.0,1.0,1.0,1.0,1.0,1.0
pfa: 1.5e-05

