cnn_easy:
pd: 0.0,0.0,0.0,0.0,6.944444444444444e-05,0.0008333333333333334,0.006284722222222222,0.024270833333333332,0.0859375,0.24590277777777778,0.5110763888888888,0.7721180555555556,0.9273958333333333,0.9873958333333334,0.9988888888888889,0.9998263888888889,0.9999652777777778,1.0,1.0,1.0,1.0,1.0,1.0,1.0,1.0,1.0,1.0,1.0,1.0,1.0,1.0,1.0,1.0,1.0,1.0,1.0,1.0,1.0,1.0,1.0,1.0
pfa: 0.0

VGG11:
pd: 0.0008680555555555555,0.0014236111111111112,0.0022569444444444442,0.004270833333333333,0.008923611111111111,0.018993055555555555,0.04461805555555556,0.09888888888888889,0.21090277777777777,0.40177083333333335,0.6367013888888889,0.8453472222222222,0.9557291666666666,0.9922916666666667,0.9990972222222222,0.9998263888888889,1.0,1.0,1.0,1.0,1.0,1.0,1.0,1.0,1.0,1.0,1.0,1.0,1.0,1.0,1.0,1.0,1.0,1.0,1.0,1.0,1.0,1.0,1.0,1.0,1.0
pfa: 0.00012

Resnet18:
pd: 0.0,6.944444444444444e-05,6.944444444444444e-05,0.00017361111111111112,0.0009027777777777777,0.0036805555555555554,0.012638888888888889,0.04027777777777778,0.12069444444444444,0.28565972222222225,0.5426041666666667,0.7915625,0.9361458333333333,0.9878472222222222,0.9986805555555556,0.9999305555555555,0.9999652777777778,1.0,1.0,1.0,1.0,1.0,1.0,1.0,1.0,1.0,1.0,1.0,1.0,1.0,1.0,1.0,1.0,1.0,1.0,1.0,1.0,1.0,1.0,1.0,1.0
pfa: 0.0

VGG11:
pd: 3.472222222222222e-05,3.472222222222222e-05,0.00010416666666666667,0.00017361111111111112,0.0008333333333333334,0.0022569444444444442,0.006701388888888889,0.022256944444444444,0.06986111111111111,0.18413194444444445,0.38645833333333335,0.6417013888888888,0.8470486111111111,0.9552430555555556,0.9896180555555556,0.9983680555555555,0.9996180555555556,0.9999652777777778,1.0,1.0,1.0,1.0,1.0,1.0,1.0,1.0,1.0,1.0,1.0,1.0,1.0,1.0,1.0,1.0,1.0,1.0,1.0,1.0,1.0,1.0,1.0
pfa: 0.0

Resnet18:
pd: 0.00010416666666666667,0.00017361111111111112,0.0007291666666666667,0.001736111111111111,0.0043055555555555555,0.00986111111111111,0.027916666666666666,0.06770833333333333,0.15743055555555555,0.3254166666666667,0.5549652777777778,0.7787847222222222,0.9178125,0.9747569444444445,0.9941666666666666,0.9988541666666667,0.9997222222222222,0.9999652777777778,1.0,1.0,1.0,1.0,1.0,1.0,1.0,1.0,1.0,1.0,1.0,1.0,1.0,1.0,1.0,1.0,1.0,1.0,1.0,1.0,1.0,1.0,1.0
pfa: 5e-06

